exp-18
2015-06-24

**********************************************
* Monte Carlo multiple least-squares summary *
wall time:                   8848.80100012
number of local optima:      26
ssr (local)                  [149.20785325292013, 151.5593304579342, 149.64284495020308, 149.30529816979254, 149.93096810410412, 150.21622428116578, 150.14007331944663, 151.12690407456057, 206.40898868432927, 150.65032858106076, 150.65147733497102, 151.1888088058618, 150.98027321870455, 159.85318854040315, 151.87310152614043, 151.40869005920354, 149.86873279336317, 151.22466919000817, 150.24491528663728, 150.5503660431077, 152.2073835516003, 150.5769713790737, 149.2144192009409, 151.08290052262242, 150.99819788351473, 155.0237410200255]
nominal parameter values:    []
optimal parameter estimates: [7.128663488737642e-05, 5775594.916110354, 0.009318493031553021, 0.04332822461686926]
ssr (raw):                   0.0
ssr (opt):                   149.207853253
ssr (fit):                   149.207853253
**********************************************
=calib=
decision variables: [  7.12866349e-05   5.77559492e+06   9.31849303e-03   4.33282246e-02]
objective function: 149.207853253
* Parameters *
7.12866348874e-05
5775594.91611
0.00931849303155
0.0433282246169
* SSR *
149.207853253
* SSR contributions *
16.3923352078
15.6003915663
55.1300388541
25.5168567577
36.568230867
* Chi-squared test *
(True, 92.446226235923689, 149.20785325292013, 153.33785635731698)
* Chi-squared test contributions *
* Parameters *
7.12866348874e-05
5775594.91611
0.00931849303155
0.0433286578991
* Covariance matrix *
[[  1.39566031e-09  -2.16501301e+02   1.87311733e-07  -1.17168118e-06]]
[[ -2.16501301e+02   2.51307109e+14  -3.37318882e+05  -6.15806156e+05]]
[[  1.87311733e-07  -3.37318882e+05   1.12416049e-03  -1.02640952e-02]]
[[ -1.17168118e-06  -6.15806156e+05  -1.02640952e-02   1.99085919e-01]]
* Covariance matrix determinant*
0.933232593742
* Estimated variance *
1.23312275416
* Ellipsoid radius *
12.0678490292
* Confidence intervals *
7.39610784044e-05
31384539.2712
0.0663785146954
0.883351686067
* Correlation matrix *
[[ 1.         -0.36556807  0.14954123 -0.07029093]]
[[-0.36556807  1.         -0.63463513 -0.08706054]]
[[ 0.14954123 -0.63463513  1.         -0.68609814]]
[[-0.07029093 -0.08706054 -0.68609814  1.        ]]
* Correlation matrix determinant*
0.0118887592844