exp-17
2015/06/23

**********************************************
* Monte Carlo multiple least-squares summary *
wall time:                   9278.68899989
number of local optima:      31
ssr (local)                  [173.83555947697795, 170.99548307606887, 166.47375120317295, 2231.710318388336, 172.73296551039013, 166.2566456148219, 171.41951254782305, 170.71384585961576, 156.11960000793587, 157.23519596486634, 173.02910186541672, 166.25808367429485, 161.85353310787664, 171.28112155088317, 174.14106569374053, 173.81022500062846, 2026.8951093113226, 153.19718449414378, 173.2893326469172, 174.62803684707873, 161.91016712783187, 167.5540522199177, 172.0879510256953, 175.81289089424004, 153.05363120711212, 154.99005061924524, 173.10631276475638, 153.1590330733745, 171.67062976239646, 170.07446509976992, 171.2331595466169]
nominal parameter values:    []
optimal parameter estimates: [7.25862256811286e-05, 5907818.008419658, 0.012935645114900094, 0.014454357949455553]
ssr (raw):                   0.0
ssr (opt):                   153.053631207
ssr (fit):                   153.053631207
**********************************************
=calib=
decision variables: [  7.25862257e-05   5.90781801e+06   1.29356451e-02   1.44543579e-02]
objective function: 153.053631207
* Parameters *
7.25862256811e-05
5907818.00842
0.0129356451149
0.0144543579495
* SSR *
153.053631207
* SSR contributions *
10.5210773735
16.7318341704
51.166927812
45.3836552215
29.2501366297
* Chi-squared test *
(True, 96.821859590974384, 153.05363120711212, 158.96240375149276)
* Chi-squared test contributions *
* Parameters *
7.25862256811e-05
5907818.00842
0.0129356451149
0.014454502493
* Covariance matrix *
[[  1.43691104e-09  -2.11356526e+02   1.76942418e-07  -2.06167272e-07]]
[[ -2.11356526e+02   2.00976745e+14  -8.64500089e+04  -6.53082101e+05]]
[[  1.76942418e-07  -8.64500089e+04   3.37914875e-03  -7.14118109e-03]]
[[ -2.06167272e-07  -6.53082101e+05  -7.14118109e-03   1.91442685e-02]]
* Covariance matrix determinant*
0.10754386474
* Estimated variance *
1.21471135879
* Ellipsoid radius *
11.8730299094
* Confidence intervals *
7.50160658295e-05
28055127.5177
0.115038443696
0.273815943098
* Correlation matrix *
[[ 1.        -0.3933035  0.0802996 -0.0393084]]
[[-0.3933035   1.         -0.10490314 -0.33294729]]
[[ 0.0802996  -0.10490314  1.         -0.88786513]]
[[-0.0393084  -0.33294729 -0.88786513  1.        ]]
* Correlation matrix determinant*
0.00575657093085
=valid=
decision variables: [  7.25907845e-05   5.90654541e+06   1.29296870e-02   1.44696117e-02]
objective function: 153.053595916
* Parameters *
7.25907845138e-05
5906545.40918
0.0129296870173
0.0144696117475
* SSR *
153.053595916
* SSR contributions *
10.5274052373
16.735299062
51.1508503899
45.3868747874
29.2531664394
* Chi-squared test *
(True, 96.821859590974384, 153.05359591605975, 158.96240375149276)
* Chi-squared test contributions *
* Parameters *
7.25907845138e-05
5906545.40918
0.0129296870173
0.0144697564436
* Covariance matrix *
[[  1.46150828e-09  -2.31549478e+02   3.10638689e-07  -3.48685358e-07]]
[[ -2.31549478e+02   2.17007937e+14  -4.86225547e+05   1.12674772e+05]]
[[  3.10638689e-07  -4.86225547e+05   3.20927417e-03  -4.55844395e-03]]
[[ -3.48685358e-07   1.12674772e+05  -4.55844395e-03   9.27583716e-03]]
* Covariance matrix determinant*
0.0633902869659
* Estimated variance *
1.2147110787
* Ellipsoid radius *
11.8730271717
* Confidence intervals *
7.5655408832e-05
29152590.4512
0.112109587036
0.190596929829
* Correlation matrix *
[[ 1.         -0.41115479  0.1434338  -0.09470142]]
[[-0.41115479  1.         -0.58263498  0.07941679]]
[[ 0.1434338  -0.58263498  1.         -0.83548114]]
[[-0.09470142  0.07941679 -0.83548114  1.        ]]
* Correlation matrix determinant*
0.00671407030597