exp-19
2015-06-28

**********************************************
* Monte Carlo multiple least-squares summary *
wall time:                   11004.411
number of local optima:      27
ssr (local)                  [178.56139591344038, 1751.9285547751679, 179.6282098686446, 170.45304104320115, 175.83697142955168, 176.81541051627983, 1983.1292147308523, 176.53588953287283, 169.70550491412808, 169.7037979392123, 178.37559079053494, 176.74737965029385, 174.90034703916328, 180.2246483118214, 175.20321107638335, 179.61084745365446, 178.80909752306968, 189.6387634180803, 177.7888956950326, 177.4842196096273, 175.56292247089982, 170.68228811162606, 179.43009450599226, 174.95353182578006, 1246.6382597013626, 178.07881629518036, 176.31471738534077]
nominal parameter values:    []
optimal parameter estimates: [7.220758110202194e-05, 6010494.682320535, 0.011107908975898199, 0.02042454088174432]
ssr (raw):                   0.0
ssr (opt):                   169.703797939
ssr (fit):                   169.703797939
**********************************************
=calib=
decision variables: [  7.22075811e-05   6.01049468e+06   1.11079090e-02   2.04245409e-02]
objective function: 169.703797939
* Parameters *
7.2207581102e-05
6010494.68232
0.0111079089759
0.0204245408817
* SSR *
169.703797939
* SSR contributions *
15.6607343381
15.8379314253
61.4671712658
47.5174257224
29.2205351877
* Chi-squared test *
(False, 96.821859590974384, 169.7037979392123, 158.96240375149276)
* Chi-squared test contributions *
* Parameters *
7.2207581102e-05
6010494.68232
0.0111079089759
0.0204247451272
* Covariance matrix *
[[  1.44966965e-09  -2.57568276e+02   1.86189165e-07  -6.00627587e-09]]
[[ -2.57568276e+02   2.85262582e+14  -5.22646658e+05   1.54178341e+05]]
[[  1.86189165e-07  -5.22646658e+05   1.92067389e-03  -4.10844005e-03]]
[[ -6.00627587e-09   1.54178341e+05  -4.10844005e-03   1.65539578e-02]]
* Covariance matrix determinant*
0.119929109624
* Estimated variance *
1.3468555392
* Ellipsoid radius *
13.1646551132
* Confidence intervals *
7.53483707947e-05
33424255.8525
0.0867293635664
0.254618681229
* Correlation matrix *
[[ 1.         -0.40053036  0.11158172 -0.00122608]]
[[-0.40053036  1.         -0.70608821  0.07094961]]
[[ 0.11158172 -0.70608821  1.         -0.72861686]]
[[-0.00122608  0.07094961 -0.72861686  1.        ]]
* Correlation matrix determinant*
0.00912126926716
