exp-19
2015-06-24

=calib=
decision variables: [  7.22076277decision variables: [  7.22076277e-05   6.00994312e+06   1.11374646e-02   2.03026444e-02]
objective function: 169.703820093
* Parameters *
7.22076276847e-05
6009943.11813
0.0111374646331
0.0203026444004
* SSR *
169.703820093
* SSR contributions *
15.6608285792
15.8379664857
61.5512273125
47.5174103416
29.1363873743
* Chi-squared test *
(False, 96.821859590974384, 169.70382009322802, 158.96240375149276)
* Chi-squared test contributions *
* Parameters *
7.22076276847e-05
6009943.11813
0.0111374646331
0.0203028474268
* Covariance matrix *
[[  1.46096638e-09  -2.38182097e+02   2.03915684e-07  -3.05287146e-07]]
[[ -2.38182097e+02   2.82174146e+14  -1.32338368e+05  -1.57971193e+06]]
[[  2.03915684e-07  -1.32338368e+05   2.19391111e-03  -9.06342686e-03]]
[[ -3.05287146e-07  -1.57971193e+06  -9.06342686e-03   5.55553268e-02]]
* Covariance matrix determinant*
0.337748898894
* Estimated variance *
1.34685571503
* Ellipsoid radius *
13.1646568318
* Confidence intervals *
7.56413818647e-05
33242827.239
0.0926934094655
0.466446883942
* Correlation matrix *
[[ 1.         -0.37096283  0.11389929 -0.03388641]]
[[-0.37096283  1.         -0.16819677 -0.39898488]]
[[ 0.11389929 -0.16819677  1.         -0.82095635]]
[[-0.03388641 -0.39898488 -0.82095635  1.        ]]
* Correlation matrix determinant*
0.00672189561743
decision variables: [  7.22076277e-05   6.00994312e+06   1.11374646e-02   2.03026444e-02]

=valid=
objective function: 23.5171558927
* Parameters *
7.22076276847e-05
6009943.11813
0.0111374646331
0.0203026444004
* SSR *
23.5171558927
* SSR contributions *
2.71159849056
1.02725584942
4.6583373451
4.19995391703
10.9200102906
* Chi-squared test *
(True, 10.282897782522864, 23.517155892719828, 35.478875905727257)
* Chi-squared test contributions *
* Parameters *
7.22076276847e-05
6009943.11813
0.0111374646331
0.0203028474268
* Covariance matrix *
[[  1.46096638e-09  -2.38182097e+02   2.03915684e-07  -3.05287146e-07]]
[[ -2.38182097e+02   2.82174146e+14  -1.32338368e+05  -1.57971193e+06]]
[[  2.03915684e-07  -1.32338368e+05   2.19391111e-03  -9.06342686e-03]]
[[ -3.05287146e-07  -1.57971193e+06  -9.06342686e-03   5.55553268e-02]]
* Covariance matrix determinant*
0.337748898894
* Estimated variance *
1.11986456632
* Ellipsoid radius *
12.7221085568
* Confidence intervals *
7.94882272651e-05
34933436.4519
0.0974074589324
0.490168674922
* Correlation matrix *
[[ 1.         -0.37096283  0.11389929 -0.03388641]]
[[-0.37096283  1.         -0.16819677 -0.39898488]]
[[ 0.11389929 -0.16819677  1.         -0.82095635]]
[[-0.03388641 -0.39898488 -0.82095635  1.        ]]
* Correlation matrix determinant*
0.00672189561743