exp-18
2015-06-24

=calib=
decision variables: [  7.12884597e-05   5.77667582e+06   9.31968630e-03   4.32751249e-02]
objective function: 149.207796219
* Parameters *
7.12884597203e-05
5776675.82452
0.00931968629935
0.0432751248848
* SSR *
149.207796219
* SSR contributions *
16.3953853919
15.6011176422
55.117663628
25.5180392406
36.5755903159
* Chi-squared test *
(True, 92.446226235923689, 149.20779621854706, 153.33785635731698)
* Chi-squared test contributions *
* Parameters *
7.12884597203e-05
5776675.82452
0.00931968629935
0.043275557636
* Covariance matrix *
[[  1.46765734e-09  -2.34900136e+02   2.40688171e-07  -1.57202458e-06]]
[[ -2.34900136e+02   2.32751745e+14  -2.99501940e+05  -6.14244335e+05]]
[[  2.40688171e-07  -2.99501940e+05   8.39065671e-04  -6.12418282e-03]]
[[ -1.57202458e-06  -6.14244335e+05  -6.12418282e-03   1.18886632e-01]]
* Covariance matrix determinant*
0.498092777113
* Estimated variance *
1.2331222828
* Ellipsoid radius *
12.0678444163
* Confidence intervals *
7.58447817925e-05
30203678.8444
0.0573470849868
0.682621373615
* Correlation matrix *
[[ 1.         -0.40190597  0.21689245 -0.11900919]]
[[-0.40190597  1.         -0.67772763 -0.11676917]]
[[ 0.21689245 -0.67772763  1.         -0.6131739 ]]
[[-0.11900919 -0.11676917 -0.6131739   1.        ]]
* Correlation matrix determinant*
0.0146171818664
decision variables: [  7.12884597e-05   5.77667582e+06   9.31968630e-03   4.32751249e-02]
=valid=
objective function: 53.5921083595
* Parameters *
7.12884597203e-05
5776675.82452
0.00931968629935
0.0432751248848
* SSR *
53.5921083595
* SSR contributions *
0.0813889128763
0.584401167721
19.7982216929
26.9720564198
6.15604016624
* Chi-squared test *
(False, 13.843904982007603, 53.59210835953211, 41.9231700963539)
* Chi-squared test contributions *
* Parameters *
7.12884597203e-05
5776675.82452
0.00931968629935
0.043275557636
* Covariance matrix *
[[  1.46765734e-09  -2.34900136e+02   2.40688171e-07  -1.57202458e-06]]
[[ -2.34900136e+02   2.32751745e+14  -2.99501940e+05  -6.14244335e+05]]
[[  2.40688171e-07  -2.99501940e+05   8.39065671e-04  -6.12418282e-03]]
[[ -1.57202458e-06  -6.14244335e+05  -6.12418282e-03   1.18886632e-01]]
* Covariance matrix determinant*
0.498092777113
* Estimated variance *
2.06123493691
* Ellipsoid radius *
22.6125234136
* Confidence intervals *
7.8747366073e-05
31359575.4183
0.0595417613177
0.708745333916
* Correlation matrix *
[[ 1.         -0.40190597  0.21689245 -0.11900919]]
[[-0.40190597  1.         -0.67772763 -0.11676917]]
[[ 0.21689245 -0.67772763  1.         -0.6131739 ]]
[[-0.11900919 -0.11676917 -0.6131739   1.        ]]
* Correlation matrix determinant*
0.0146171818664