exp-17
2015/06/21

=calib=
decision variables: [  7.25907845e-05   5.90654541e+06   1.29296870e-02   1.44696117e-02]
objective function: 153.053595916
* Parameters *
7.25907845138e-05
5906545.40918
0.0129296870173
0.0144696117475
* SSR *
153.053595916
* SSR contributions *
10.5274052373
16.735299062
51.1508503899
45.3868747874
29.2531664394
* Chi-squared test *
(True, 96.821859590974384, 153.05359591605975, 158.96240375149276)
* Chi-squared test contributions *
* Parameters *
7.25907845138e-05
5906545.40918
0.0129296870173
0.0144697564436
* Covariance matrix *
[[  1.46150828e-09  -2.31549478e+02   3.10638689e-07  -3.48685358e-07]]
[[ -2.31549478e+02   2.17007937e+14  -4.86225547e+05   1.12674772e+05]]
[[  3.10638689e-07  -4.86225547e+05   3.20927417e-03  -4.55844395e-03]]
[[ -3.48685358e-07   1.12674772e+05  -4.55844395e-03   9.27583716e-03]]
* Covariance matrix determinant*
0.0633902869659
* Estimated variance *
1.2147110787
* Ellipsoid radius *
11.8730271717
* Confidence intervals *
7.5655408832e-05
29152590.4512
0.112109587036
0.190596929829
* Correlation matrix *
[[ 1.         -0.41115479  0.1434338  -0.09470142]]
[[-0.41115479  1.         -0.58263498  0.07941679]]
[[ 0.1434338  -0.58263498  1.         -0.83548114]]
[[-0.09470142  0.07941679 -0.83548114  1.        ]]
* Correlation matrix determinant*
0.00671407030597

=valid=
decision variables: [  7.25907845e-05   5.90654541e+06   1.29296870e-02   1.44696117e-02]
objective function: 40.7809221939
* Parameters *
7.25907845138e-05
5906545.40918
0.0129296870173
0.0144696117475
* SSR *
40.7809221939
* SSR contributions *
8.83433639258
0.472736900617
20.0962610121
6.45865819858
4.91892969004
* Chi-squared test *
(False, 10.282897782522864, 40.78092219391061, 35.478875905727257)
* Chi-squared test contributions *
* Parameters *
7.25907845138e-05
5906545.40918
0.0129296870173
0.0144697564436
* Covariance matrix *
[[  1.46150828e-09  -2.31549478e+02   3.10638689e-07  -3.48685358e-07]]
[[ -2.31549478e+02   2.17007937e+14  -4.86225547e+05   1.12674772e+05]]
[[  3.10638689e-07  -4.86225547e+05   3.20927417e-03  -4.55844395e-03]]
[[ -3.48685358e-07   1.12674772e+05  -4.55844395e-03   9.27583716e-03]]
* Covariance matrix determinant*
0.0633902869659
* Estimated variance *
1.9419486759
* Ellipsoid radius *
22.0613122422
* Confidence intervals *
7.95029675929e-05
30635185.1066
0.117811072633
0.200289996041
* Correlation matrix *
[[ 1.         -0.41115479  0.1434338  -0.09470142]]
[[-0.41115479  1.         -0.58263498  0.07941679]]
[[ 0.1434338  -0.58263498  1.         -0.83548114]]
[[-0.09470142  0.07941679 -0.83548114  1.        ]]
* Correlation matrix determinant*
0.00671407030597