exp-15
2015-06-28

=calib=
decision variables: [  6.88109331e-05   6.00000005e+06   2.36363117e-02   2.04325615e-02]
objective function: 4075.86734471
* Parameters *
6.88109331098e-05
6000000.04977
0.0236363117498
0.0204325614892
* SSR *
4075.86734471
* SSR contributions *
14.7347032165
15.5398345142
2190.47401131
63.2586170317
1791.86017863
* Chi-squared test *
(False, 118.87142628610894, 4075.8673447079063, 186.91356040302838)
* Chi-squared test contributions *
* Parameters *
6.88109331098e-05
6000000.04977
0.0236363117498
0.0204327658148
* Covariance matrix *
[[  1.36232058e-09  -2.27923426e+02   7.88979326e-07  -1.30563429e-06]]
[[ -2.27923426e+02   3.93256152e+14  -2.10671927e+05  -2.73174183e+06]]
[[  7.88979326e-07  -2.10671927e+05   1.74472142e-02  -3.66615907e-02]]
[[ -1.30563429e-06  -2.73174183e+06  -3.66615907e-02   1.06585060e-01]]
* Covariance matrix determinant*
17.0648242019
* Estimated variance *
26.9924989716
* Ellipsoid radius *
262.535734936
* Confidence intervals *
7.29260018273e-05
39181450.3007
0.260979137311
0.645046333391
* Correlation matrix *
[[ 1.         -0.31139493  0.16183145 -0.1083512 ]]
[[-0.31139493  1.         -0.08042774 -0.42194294]]
[[ 0.16183145 -0.08042774  1.         -0.85015887]]
[[-0.1083512  -0.42194294 -0.85015887  1.        ]]
* Correlation matrix determinant*
0.0171287057186
Warning: this is an unexpected code branch path