exp-15
2015-06-28

=calib=
decision variables: [  7.18137724e-05   6.00000000e+06   1.64549528e-02   9.39564692e-03]
objective function: 198.146412953
* Parameters *
7.18137723864e-05
6000000.00435
0.016454952777
0.00939564692106
* SSR *
198.146412953
* SSR contributions *
17.4775566808
16.5484860943
84.1083195048
51.856538483
28.1555121905
* Chi-squared test *
(False, 118.87142628610894, 198.14641295341352, 186.91356040302838)
* Chi-squared test contributions *
* Parameters *
7.18137723864e-05
6000000.00435
0.016454952777
0.00939574087753
* Covariance matrix *
[[  1.46008873e-09  -2.77037219e+02   7.44234752e-07  -4.66149241e-07]]
[[ -2.77037219e+02   2.56648531e+14  -8.46593846e+05   2.19972754e+05]]
[[  7.44234752e-07  -8.46593846e+05   1.15616271e-02  -8.53724543e-03]]
[[ -4.66149241e-07   2.19972754e+05  -8.53724543e-03   7.31220279e-03]]
* Covariance matrix determinant*
0.104994553443
* Estimated variance *
1.31222790035
* Ellipsoid radius *
12.7630537871
* Confidence intervals *
7.54974647875e-05
31652800.1847
0.212447792665
0.168953369767
* Correlation matrix *
[[ 1.         -0.45256306  0.18113853 -0.14266296]]
[[-0.45256306  1.         -0.49146912  0.16057406]]
[[ 0.18113853 -0.49146912  1.         -0.92850485]]
[[-0.14266296  0.16057406 -0.92850485  1.        ]]
* Correlation matrix determinant*
0.0033142216934
Warning: this is an unexpected code branch path