experiment-10
'''
Splicing at 000111
Covariance trace
'''

2014-12-26

*000*
decision variables: [  6.91450307e-05   6.15859949e+06   9.28550465e-03   5.71289053e-02]
objective function: 0.516369870735
* Parameters *
6.91450306692e-05
6158599.49155
0.00928550464924
0.0571289053075
* SSR *
0.516369870735
* SSR contributions *
0.0264259984049
0.135535525532
0.127771597475
0.106209603318
0.120427146005
* Chi-squared test *
False
* Chi-squared test contributions *
False
True
True
True
True
* Parameters *
6.91450306692e-05
6158599.49155
0.00928550464924
0.0571294765965
* Covariance matrix *
[[  4.80866360e-09  -9.68504137e+02   1.69303431e-06  -2.49289439e-05]]
[[ -9.68504137e+02   1.16469580e+16   8.54264689e+06  -9.57373813e+08]]
[[  1.69303431e-06   8.54264689e+06   1.15915095e-02  -8.63848603e-01]]
[[ -2.49289439e-05  -9.57373813e+08  -8.63848603e-01   8.41324173e+01]]
* Covariance matrix determinant*
57982.8923571
* Standard deviation *
0.0198603796437
* Ellipsoid radius *
0.00343074423836
* Confidence intervals *
1.64972949272e-11
3.99577340441e+13
3.97675044806e-05
0.288636805754
* Correlation matrix *
[[ 1.         -0.12941453  0.22676894 -0.03919313]]
[[-0.12941453  1.          0.73521812 -0.96714949]]
[[ 0.22676894  0.73521812  1.         -0.87475403]]
[[-0.03919313 -0.96714949 -0.87475403  1.        ]]
* Correlation matrix determinant*
0.00106159681592

*111*
decision variables: [  6.91450307e-05   6.15859949e+06   9.28550465e-03   5.71289053e-02]
objective function: 0.304314298681
* Parameters *
6.91450306692e-05
6158599.49155
0.00928550464924
0.0571289053075
* SSR *
0.304314298681
* SSR contributions *
0.0394620561347
0.125466114713
0.0246208360981
0.0504028703718
0.0643624213637
* Chi-squared test *
False
* Chi-squared test contributions *
False
True
False
False
True
* Parameters *
6.91450306692e-05
6158599.49155
0.00928550464924
0.0571294765965
* Covariance matrix *
[[  6.34015772e-09  -5.31825331e+02  -1.70477653e-05   5.84372023e-04]]
[[ -5.31825331e+02   8.16049378e+15  -1.17820507e+07  -1.43931358e+07]]
[[ -1.70477653e-05  -1.17820507e+07   3.56773002e-01  -1.16325955e+01]]
[[  5.84372023e-04  -1.43931358e+07  -1.16325955e+01   4.00219395e+02]]
* Covariance matrix determinant*
5319826.72562
* Standard deviation *
0.0117043961031
* Ellipsoid radius *
0.00119154725991
* Confidence intervals *
7.55459755277e-12
9.72361400229e+12
0.000425111892419
0.476880323967
* Correlation matrix *
[[ 1.         -0.07393682 -0.3584441   0.36685152]]
[[-0.07393682  1.         -0.21835678 -0.00796431]]
[[-0.3584441  -0.21835678  1.         -0.97349017]]
[[ 0.36685152 -0.00796431 -0.97349017  1.        ]]
* Correlation matrix determinant*
0.000720096788106
