exp-16
2015/06/23

**********************************************
* Monte Carlo multiple least-squares summary *
wall time:                   7152.88400006
number of local optima:      83
ssr (local)                  [91.42951601351871, 96.06987206276915, 91.46810764349856, 92.55181350063037, 91.52057283564459, 91.42845725799643, 91.42491098566813, 91.65430956535612, 99.82394353583263, 92.16052027383196, 95.88466396435722, 92.10939505159273, 93.3524130595683, 109.65723395579532, 91.44945905200136, 118.8573908273524, 91.47387672713285, 91.4934676057034, 91.71019206956812, 91.42589354651558, 92.19758863596076, 92.39455782848006, 91.73885942028839, 91.43015619713586, 91.47391353878321, 91.55789137262077, 109.16623647331137, 91.4248295011284, 91.69234707433627, 170.4472306151028, 91.58044528744551, 94.98543685624428, 108.93809967667826, 91.45967024650558, 115.75859986861008, 91.45859913976584, 91.57359419807946, 104.97788453894191, 114.43140169653128, 91.49009144143986, 91.42808806154335, 91.45884207174294, 91.42536538687735, 91.50946947289265, 92.89065366423849, 92.99500325659034, 91.45049966259893, 102.18726294608442, 91.59598037321953, 91.4733814631905, 91.42668130607495, 91.44197840812956, 91.75079663018113, 91.4260257201879, 116.88285270030289, 115.08225427950852, 91.47317893580535, 91.80194859868969, 91.43094502712341, 91.44565123385883, 1338.3899946821903, 91.82921667369493, 91.9500209366631, 91.45019368493378, 91.43449512178951, 91.58432430931319, 91.45428297050422, 91.71489552775625, 91.44065700589789, 109.00503019532698, 119.75299596563114, 91.49835707102767, 91.45557288208244, 91.6091638660164, 1115.2511966418006, 91.4497186861717, 91.42489931757729, 91.46386337376201, 103.25150973625155, 91.46748738554865, 91.47900328106024, 91.44115991354914, 91.48795291748534]
nominal parameter values:    []
optimal parameter estimates: [7.089518682713286e-05, 6014346.661406308, 0.007708477828284021, 0.18546842419644602]
ssr (raw):                   0.0
ssr (opt):                   91.4248295011
ssr (fit):                   91.4248295011
**********************************************
decision variables: [  7.08951868e-05   6.01434666e+06   7.70847783e-03   1.85468424e-01]
objective function: 91.4248295011
* Parameters *
7.08951868271e-05
6014346.66141
0.00770847782828
0.185468424196
* SSR *
91.4248295011
* SSR contributions *
12.9580525262
14.096857175
19.2233574991
18.1944502956
26.9521120052
* Chi-squared test *
(True, 49.592157255680604, 91.4248295011284, 96.188703597333244)
* Chi-squared test contributions *
* Parameters *
7.08951868271e-05
6014346.66141
0.00770847782828
0.185470278881
* Covariance matrix *
[[  1.42075388e-09  -2.50167861e+02   1.61057112e-07   1.36436891e-06]]
[[ -2.50167861e+02   3.69139624e+14  -4.25389818e+05  -1.12171582e+07]]
[[  1.61057112e-07  -4.25389818e+05   5.60678391e-04  -1.29957996e-04]]
[[  1.36436891e-06  -1.12171582e+07  -1.29957996e-04   4.60224092e+00]]
* Covariance matrix determinant*
25.8323728115
* Estimated variance *
1.28767365495
* Ellipsoid radius *
12.8806532481
* Confidence intervals *
7.51574859409e-05
38309647.167
0.0472138839532
4.27757362936
* Correlation matrix *
[[ 1.         -0.34544329  0.18045278  0.01687282]]
[[-0.34544329  1.         -0.93505003 -0.27214655]]
[[ 0.18045278 -0.93505003  1.         -0.00255836]]
[[ 0.01687282 -0.27214655 -0.00255836  1.        ]]
* Correlation matrix determinant*
0.0190884918341
decision variables: [  7.09002587e-05   6.01415123e+06   7.70693208e-03   1.85838333e-01]
objective function: 91.4248607685
* Parameters *
7.09002587301e-05
6014151.2317
0.00770693207659
0.185838333301
* SSR *
91.4248607685
* SSR contributions *
12.9639865865
14.098079174
19.2125410944
18.1919150226
26.958338891
* Chi-squared test *
(True, 49.592157255680604, 91.42486076854522, 96.188703597333244)
* Chi-squared test contributions *
* Parameters *
7.09002587301e-05
6014151.2317
0.00770693207659
0.185840191684
* Covariance matrix *
[[  1.45525817e-09  -2.57771994e+02   1.95891443e-07  -5.11725634e-06]]
[[ -2.57771994e+02   3.35190738e+14  -4.26625019e+05   3.08864805e+06]]
[[  1.95891443e-07  -4.26625019e+05   6.50241863e-04  -1.85254081e-02]]
[[ -5.11725634e-06   3.08864805e+06  -1.85254081e-02   2.77469343e+00]]
* Covariance matrix determinant*
14.4431005458
* Estimated variance *
1.28767409533
* Ellipsoid radius *
12.8806576533
* Confidence intervals *
7.60646450297e-05
36505543.9308
0.0508452377212
3.32139342603
* Correlation matrix *
[[ 1.         -0.36907931  0.20137612 -0.08053036]]
[[-0.36907931  1.         -0.91382462  0.10127795]]
[[ 0.20137612 -0.91382462  1.         -0.43613689]]
[[-0.08053036  0.10127795 -0.43613689  1.        ]]
* Correlation matrix determinant*
0.0164111285344