experiment-09
'''
Splicing at 000111
Covariance trace "2"
'''

2014-12-26

*111*
decision variables: [  6.91450307e-05   6.15859949e+06   9.28550465e-03   5.71289053e-02]
objective function: 30.4314298681
* Parameters *
6.91450306692e-05
6158599.49155
0.00928550464924
0.0571289053075
* SSR *
30.4314298681
* SSR contributions *
3.94620561347
12.5466114713
2.46208360981
5.04028703718
6.43624213637
* Chi-squared test *
(True, 13.843904982007603, 30.43142986813931, 41.9231700963539)
* Chi-squared test contributions *
(True, 0.050635615968579753, 3.946205613470355, 7.3777589082278707)
(False, 0.050635615968579753, 12.546611471313035, 7.3777589082278707)
(True, 0.050635615968579753, 2.462083609812057, 7.3777589082278707)
(True, 0.050635615968579753, 5.040287037176454, 7.3777589082278707)
(True, 0.050635615968579753, 6.436242136367406, 7.3777589082278707)
* Parameters *
6.91450306692e-05
6158599.49155
0.00928550464924
0.0571294765965
* Covariance matrix *
[[  6.34015772e-09  -5.31825331e+02  -1.70477653e-05   5.84372023e-04]]
[[ -5.31825331e+02   8.16049378e+15  -1.17820507e+07  -1.43931358e+07]]
[[ -1.70477653e-05  -1.17820507e+07   3.56773002e-01  -1.16325955e+01]]
[[  5.84372023e-04  -1.43931358e+07  -1.16325955e+01   4.00219395e+02]]
* Covariance matrix determinant*
5319826.72562
* Standard deviation *
1.17043961031
* Ellipsoid radius *
11.9154725991
* Confidence intervals *
7.55459755277e-08
9.72361400229e+16
4.25111892419
4768.80323967
* Correlation matrix *
[[ 1.         -0.07393682 -0.3584441   0.36685152]]
[[-0.07393682  1.         -0.21835678 -0.00796431]]
[[-0.3584441  -0.21835678  1.         -0.97349017]]
[[ 0.36685152 -0.00796431 -0.97349017  1.        ]]
* Correlation matrix determinant*
0.000720096788106

*000*
decision variables: [  6.91450307e-05   6.15859949e+06   9.28550465e-03   5.71289053e-02]
objective function: 51.6369870735
* Parameters *
6.91450306692e-05
6158599.49155
0.00928550464924
0.0571289053075
* SSR *
51.6369870735
* SSR contributions *
2.64259984049
13.5535525532
12.7771597475
10.6209603318
12.0427146005
* Chi-squared test *
(False, 13.843904982007603, 51.63698707350676, 41.9231700963539)
* Chi-squared test contributions *
(True, 0.050635615968579753, 2.6425998404905204, 7.3777589082278707)
(False, 0.050635615968579753, 13.553552553195516, 7.3777589082278707)
(False, 0.050635615968579753, 12.777159747470266, 7.3777589082278707)
(False, 0.050635615968579753, 10.620960331813064, 7.3777589082278707)
(False, 0.050635615968579753, 12.042714600537396, 7.3777589082278707)
* Parameters *
6.91450306692e-05
6158599.49155
0.00928550464924
0.0571294765965
* Covariance matrix *
[[  4.80866360e-09  -9.68504137e+02   1.69303431e-06  -2.49289439e-05]]
[[ -9.68504137e+02   1.16469580e+16   8.54264689e+06  -9.57373813e+08]]
[[  1.69303431e-06   8.54264689e+06   1.15915095e-02  -8.63848603e-01]]
[[ -2.49289439e-05  -9.57373813e+08  -8.63848603e-01   8.41324173e+01]]
* Covariance matrix determinant*
57982.8923571
* Standard deviation *
1.98603796437
* Ellipsoid radius *
34.3074423836
* Confidence intervals *
1.64972949272e-07
3.99577340441e+17
0.397675044806
2886.36805754
* Correlation matrix *
[[ 1.         -0.12941453  0.22676894 -0.03919313]]
[[-0.12941453  1.          0.73521812 -0.96714949]]
[[ 0.22676894  0.73521812  1.         -0.87475403]]
[[-0.03919313 -0.96714949 -0.87475403  1.        ]]
* Correlation matrix determinant*
0.00106159681592
