exp-15
2015/06/23

**********************************************
* Monte Carlo multiple least-squares summary *
wall time:                   8724.02400017
number of local optima:      24
ssr (local)                  [202.59474908998297, 211.50773866448634, 191.91609460869648, 205.94152916201995, 209.30191547765128, 200.2364642882432, 192.09956261375177, 2402.8448924825007, 209.14296072279512, 210.8111001332953, 205.95335142400918, 191.91590166928611, 204.81539187225962, 211.7851402389137, 211.11485785811035, 2210.9803274380965, 209.90943316729192, 192.04216248125448, 234.7040536777367, 210.26784399342466, 194.46330696455937, 193.12098251629288, 212.0066702874057, 208.77172181203065]
nominal parameter values:    []
optimal parameter estimates: [7.210630522280258e-05, 5928238.02405067, 0.012112926172171287, 0.017215989543782874]
ssr (raw):                   0.0
ssr (opt):                   191.915901669
ssr (fit):                   191.915901669
**********************************************
decision variables: [  7.21063052e-05   5.92823802e+06   1.21129262e-02   1.72159895e-02]
objective function: 191.915901669
* Parameters *
7.21063052228e-05
5928238.02405
0.0121129261722
0.0172159895438
* SSR *
191.915901669
* SSR contributions *
18.1303864826
16.7802136188
70.5486491411
51.726542582
34.7301098447
* Chi-squared test *
(False, 118.87142628610894, 191.91590166928611, 186.91356040302838)
* Chi-squared test contributions *
* Parameters *
7.21063052228e-05
5928238.02405
0.0121129261722
0.0172161617037
* Covariance matrix *
[[  1.46201318e-09  -2.37721596e+02   1.71953575e-07  -1.23053904e-07]]
[[ -2.37721596e+02   2.25277304e+14  -4.58980170e+05   1.63645009e+05]]
[[  1.71953575e-07  -4.58980170e+05   1.97661691e-03  -3.32629175e-03]]
[[ -1.23053904e-07   1.63645009e+05  -3.32629175e-03   9.62503620e-03]]
* Covariance matrix determinant*
0.0687141781593
* Estimated variance *
1.27096623622
* Ellipsoid radius *
12.3617326153
* Confidence intervals *
7.55472026969e-05
29655241.4822
0.0878423605785
0.193840236249
* Correlation matrix *
[[ 1.         -0.41422306  0.10115196 -0.03280338]]
[[-0.41422306  1.         -0.68781865  0.11113295]]
[[ 0.10115196 -0.68781865  1.         -0.76260193]]
[[-0.03280338  0.11113295 -0.76260193  1.        ]]
* Correlation matrix determinant*
0.0109661138352