exp-16
2015/06/19

decision variables: [  7.09002587e-05   6.01415123e+06   7.70693208e-03   1.85838333e-01]
objective function: 91.4248607685
* Parameters *
7.09002587301e-05
6014151.2317
0.00770693207659
0.185838333301
* SSR *
91.4248607685
* SSR contributions *
12.9639865865
14.098079174
19.2125410944
18.1919150226
26.958338891
* Chi-squared test *
(True, 49.592157255680604, 91.42486076854522, 96.188703597333244)
* Chi-squared test contributions *
* Parameters *
7.09002587301e-05
6014151.2317
0.00770693207659
0.185840191684
* Covariance matrix *
[[  1.45525817e-09  -2.57771994e+02   1.95891443e-07  -5.11725634e-06]]
[[ -2.57771994e+02   3.35190738e+14  -4.26625019e+05   3.08864805e+06]]
[[  1.95891443e-07  -4.26625019e+05   6.50241863e-04  -1.85254081e-02]]
[[ -5.11725634e-06   3.08864805e+06  -1.85254081e-02   2.77469343e+00]]
* Covariance matrix determinant*
14.4431005458
* Estimated variance *
1.28767409533
* Ellipsoid radius *
12.8806576533
* Confidence intervals *
7.60646450297e-05
36505543.9308
0.0508452377212
3.32139342603
* Correlation matrix *
[[ 1.         -0.36907931  0.20137612 -0.08053036]]
[[-0.36907931  1.         -0.91382462  0.10127795]]
[[ 0.20137612 -0.91382462  1.         -0.43613689]]
[[-0.08053036  0.10127795 -0.43613689  1.        ]]
* Correlation matrix determinant*
0.0164111285344