experiment-08
'''
Splicing at 111000
Covariance trace
'''

2014-12-26

*111*
decision variables: [  7.14001284e-05   5.78745310e+06   7.86910017e-03   7.93123799e-01]
objective function: 0.425048137374
* Parameters *
7.14001283942e-05
5787453.09564
0.00786910016541
0.793123799285
* SSR *
0.425048137374
* SSR contributions *
0.031031047142
0.137384460208
0.0243572809316
0.0929110058312
0.139364343261
* Chi-squared test *
False
* Chi-squared test contributions *
False
True
False
True
True
* Parameters *
7.14001283942e-05
5787453.09564
0.00786910016541
0.793131730523
* Covariance matrix *
[[  5.15709675e-09  -1.59605360e+03   7.12927437e-07   7.10281815e-03]]
[[ -1.59605360e+03   2.50415430e+15   2.01193188e+05  -2.40756227e+10]]
[[  7.12927437e-07   2.01193188e+05   4.42288318e-03  -2.51791466e+01]]
[[  7.10281815e-03  -2.40756227e+10  -2.51791466e+01   3.64215611e+05]]
* Covariance matrix determinant*
285177527.452
* Standard deviation *
0.0163480052836
* Ellipsoid radius *
0.00232457086008
* Confidence intervals *
1.19880368367e-11
5.82108410562e+12
1.02813053523e-05
846.644997197
* Correlation matrix *
[[ 1.         -0.44413427  0.14927599  0.16388861]]
[[-0.44413427  1.          0.06045469 -0.79720077]]
[[ 0.14927599  0.06045469  1.         -0.62734869]]
[[ 0.16388861 -0.79720077 -0.62734869  1.        ]]
* Correlation matrix determinant*
0.0137083413255

*000*
decision variables: [  7.14001284e-05   5.78745310e+06   7.86910017e-03   7.93123799e-01]
objective function: 0.318884855073
* Parameters *
7.14001283942e-05
5787453.09564
0.00786910016541
0.793123799285
* SSR *
0.318884855073
* SSR contributions *
0.0388543314811
0.126017713928
0.0265758157875
0.062611503755
0.0648254901214
* Chi-squared test *
False
* Chi-squared test contributions *
False
True
False
True
True
* Parameters *
7.14001283942e-05
5787453.09564
0.00786910016541
0.793131730523
* Covariance matrix *
[[  7.53154924e-09  -5.26099626e+02  -2.58689622e-06   1.29764149e-02]]
[[ -5.26099626e+02   7.06760214e+15  -9.46207509e+06  -2.91239038e+08]]
[[ -2.58689622e-06  -9.46207509e+06   1.65889209e-02  -1.71058003e+01]]
[[  1.29764149e-02  -2.91239038e+08  -1.71058003e+01   8.37812220e+04]]
* Covariance matrix determinant*
664839848.376
* Standard deviation *
0.0122648021182
* Ellipsoid radius *
0.00130838134059
* Confidence intervals *
9.85413849498e-12
9.24711876922e+12
2.17046345618e-05
109.617787493
* Correlation matrix *
[[ 1.         -0.07210905 -0.23143433  0.51658194]]
[[-0.07210905  1.         -0.87385882 -0.01196851]]
[[-0.23143433 -0.87385882  1.         -0.4588397 ]]
[[ 0.51658194 -0.01196851 -0.4588397   1.        ]]
* Correlation matrix determinant*
0.00898660807178